
0 76.4480111654 60.0139567341 44.4521981856
1 88.6950453594 77.52965806 63.6775994417
2 92.1842288904 87.1249127704 79.2393579902
3 93.2658757851 90.5792044662 88.1018841591
4 94.0334961619 91.9748778786 91.1723656664
5 94.7313328681 92.9518492673 92.2889043964
6 95.1849267271 93.6147941382 93.0565247732
7 95.4640614096 93.928820656 93.6496859735
8 95.7431960921 94.2428471738 93.9637124913
9 95.9176552687 94.5219818562 94.1730635031
10 96.0572226099 94.6615491975 94.3475226797
11 96.1618981158 94.7313328681 94.4870900209
12 96.2665736218 94.8011165387 94.5568736916
13 96.3014654571 94.8709002094 94.6266573622
14 96.3363572924 94.9057920447 94.6615491975
15 96.3712491277 94.94068388 94.6615491975
16 96.3712491277 94.94068388 94.6615491975
17 96.3712491277 94.94068388 94.6615491975
18 96.3712491277 94.94068388 94.6964410328
